$ 1 0.000005 10.20027730826997 50 5 43
a 256 240 368 240 9 15 -15 1000000 2.4242113605871656 2.4242442743818446 100000
r 160 128 256 128 0 13000
r 256 128 432 128 0 110000
r 432 128 432 176 0 280
r 432 128 432 80 0 620
r 160 256 256 256 0 13000
r 256 304 368 304 0 110000
w 368 304 368 240 0
w 368 240 448 240 0
w 256 256 256 304 0
w 256 224 256 128 0
g 432 176 432 192 0
R 432 80 432 48 0 0 40 5 0 0 0.5
O 448 240 496 240 1
r 160 128 160 256 0 0.01
i 160 48 160 128 0 20.5
w 160 48 96 48 0
w 96 48 96 256 0
w 96 256 160 256 0
